[print-page-setup]
PPDName=Letter
DisplayName=US Letter
Width=215.89999389648438
Height=279.39999389648438
MarginTop=4.2333333333333325
MarginBottom=4.2333333333333325
MarginLeft=4.2333333333333325
MarginRight=4.2333333333333325
Orientation=landscape
